Version 0.9.7
6
 4 10 175 77 128 0 1
 5 139 115 206 81 2 2
 0 95 112 877 276 8 3
 1 172 403 206 81 140 4
 2 189 26 206 81 150 5
 3 401 36 203 58 170 6
 0
23
 255 5 71 189 71 189 71 189 71 126 148 126 148 126 0 1 0 3
 255 5 161 126 161 126 161 126 161 178 161 178 161 178 0 3 0 3
 65793 5 71 288 71 288 71 373 71 373 148 373 148 373 0 1 0 3
 65793 5 252 373 252 373 252 373 252 321 252 321 252 321 0 3 0 3
 255 5 71 202 71 202 59 202 59 414 187 414 187 414 0 1 0 4
 65793 5 161 373 161 373 156 373 156 472 187 472 187 472 0 3 0 4
 65793 5 148 139 148 139 88 139 88 249 71 249 71 249 0 3 0 1
 65535 5 161 321 161 348 196 348 196 440 228 440 228 440 0 3 0 4
 16744448 5 247 414 211 414 211 338 174 338 174 321 174 321 0 4 0 3
 16744448 5 266 414 266 401 227 401 227 330 187 330 187 321 0 4 0 3
 0 5 408 139 408 139 408 73 408 73 412 73 412 73 0 3 0 6
 0 5 200 139 200 139 200 95 200 95 204 95 204 95 0 3 0 5
 255 5 174 126 174 126 174 37 174 37 204 37 204 37 0 3 0 5
 10485760 5 239 178 239 168 224 168 224 63 245 63 245 63 0 3 0 5
 4259584 5 174 191 174 191 507 191 507 191 507 80 507 80 0 3 0 6
 4259584 5 187 204 187 204 187 200 487 200 487 80 487 80 0 3 0 6
 4259584 5 200 217 200 217 200 207 467 207 467 80 467 80 0 3 0 6
 4259584 5 213 217 213 217 213 210 447 210 447 80 447 80 0 3 0 6
 8388736 5 252 217 252 217 284 217 284 414 285 414 285 414 0 3 0 4
 8454016 5 200 282 200 282 304 282 304 282 304 414 304 414 0 3 0 4
 8454016 5 213 295 213 295 323 295 323 295 323 414 323 414 0 3 0 4
 8454016 5 226 308 226 308 342 308 342 308 342 414 342 414 0 3 0 4
 8454016 5 239 321 239 321 361 321 361 321 361 414 361 414 0 3 0 4
1
 7195 1 16 155 230 5 0 1988008112 0 3
