Version 0.9.7
7
 4 10 175 77 128 0 1
 5 139 115 206 81 2 2
 0 95 112 877 276 8 3
 1 172 403 206 81 140 4
 2 189 26 206 81 150 5
 3 401 36 203 58 160 6
 1 398 403 206 81 183 7
 0
38
 255 5 71 189 71 189 71 189 71 126 148 126 148 126 0 1 0 3
 255 5 161 126 161 126 161 126 161 178 161 178 161 178 0 3 0 3
 65793 5 71 288 71 288 71 373 71 373 148 373 148 373 0 1 0 3
 65793 5 252 373 252 373 252 373 252 321 252 321 252 321 0 3 0 3
 65793 5 161 373 161 373 156 373 156 472 187 472 187 472 0 3 0 4
 65793 5 148 139 148 139 88 139 88 249 71 249 71 249 0 3 0 1
 65535 5 161 321 161 348 196 348 196 440 228 440 228 440 0 3 0 4
 0 5 408 139 408 139 408 73 408 73 412 73 412 73 0 3 0 6
 0 5 200 139 200 139 200 95 200 95 204 95 204 95 0 3 0 5
 255 5 174 126 174 126 174 37 174 37 204 37 204 37 0 3 0 5
 10485760 5 239 178 239 168 224 168 224 63 245 63 245 63 0 3 0 5
 4259584 5 174 191 168 191 168 169 507 169 507 80 507 80 0 3 0 6
 4259584 5 187 204 181 204 181 183 482 183 482 80 487 80 0 3 0 6
 4259584 5 200 217 194 217 194 197 467 197 467 80 467 80 0 3 0 6
 4259584 5 213 217 213 217 213 210 442 210 442 80 447 80 0 3 0 6
 8388736 5 252 217 252 222 284 222 284 414 285 414 285 414 0 3 0 4
 16711680 5 247 414 247 408 212 408 212 337 174 337 174 321 0 4 0 3
 16711680 5 187 321 187 330 238 330 238 427 247 427 247 427 0 3 0 4
 255 5 330 178 330 178 330 178 330 126 330 126 330 126 0 3 0 3
 0 5 421 321 421 321 421 321 421 373 421 373 421 373 0 3 0 3
 8454016 5 361 414 361 414 361 399 343 399 343 321 343 321 0 4 0 3
 255 5 71 202 71 202 57 202 57 360 148 360 148 360 0 1 0 3
 255 5 187 414 187 414 183 414 183 360 187 360 187 360 0 4 0 3
 255 5 408 360 408 360 399 360 399 412 413 412 413 414 0 3 0 7
 65793 5 395 373 395 373 389 373 389 472 413 472 413 472 0 3 0 7
 8454016 5 342 414 352 414 352 382 378 382 378 321 382 321 0 4 0 3
 8454016 5 323 414 323 419 429 419 429 222 395 222 395 217 0 4 0 3
 8454016 5 304 414 304 351 363 351 363 217 356 217 356 217 0 4 0 3
 12615935 5 454 414 454 414 454 288 330 288 330 282 330 282 0 7 0 3
 12615935 5 473 414 468 414 468 232 343 232 343 217 343 217 0 7 0 3
 16711808 5 369 282 369 282 369 273 200 273 200 282 200 282 0 3 0 3
 16711808 5 408 295 408 295 408 303 213 303 213 295 213 295 0 3 0 3
 16711808 5 421 217 421 217 421 242 226 242 226 282 226 282 0 3 0 3
 16711808 5 382 217 382 217 382 254 239 254 239 282 239 282 0 3 0 3
 4227327 5 174 204 174 204 174 206 369 206 369 204 369 204 0 3 0 3
 4227327 5 187 217 187 217 180 217 180 311 356 311 356 308 0 3 0 3
 4227327 5 200 191 206 191 206 263 395 263 395 282 395 282 0 3 0 3
 4227327 5 213 191 213 191 213 191 408 191 408 191 408 191 0 3 0 3
2
 7195 1 16 155 230 5 0 1988008112 0 3
 7157 1 16 324 230 5 0 1988008112 0 3
