Version 0.9.7
6
 4 10 175 77 128 0 1
 5 139 115 206 81 2 2
 0 95 112 877 276 8 3
 1 172 403 206 81 140 4
 2 189 26 206 81 150 5
 3 401 36 203 58 170 6
 0
35
 255 5 71 189 71 189 71 189 71 126 148 126 148 126 0 1 0 3
 255 5 161 126 161 126 161 126 161 178 161 178 161 178 0 3 0 3
 65793 5 71 288 71 288 71 373 71 373 148 373 148 373 0 1 0 3
 65793 5 252 373 252 373 252 373 252 321 252 321 252 321 0 3 0 3
 255 5 71 202 71 202 59 202 59 414 187 414 187 414 0 1 0 4
 65793 5 161 373 161 373 156 373 156 472 187 472 187 472 0 3 0 4
 65793 5 148 139 148 139 88 139 88 249 71 249 71 249 0 3 0 1
 65535 5 161 321 161 348 196 348 196 440 228 440 228 440 0 3 0 4
 0 5 408 139 408 139 408 73 408 73 412 73 412 73 0 3 0 6
 0 5 200 139 200 139 200 95 200 95 204 95 204 95 0 3 0 5
 255 5 174 126 174 126 174 37 174 37 204 37 204 37 0 3 0 5
 10485760 5 239 178 239 168 224 168 224 63 245 63 245 63 0 3 0 5
 4259584 5 174 191 168 191 168 143 507 143 507 80 507 80 0 3 0 6
 4259584 5 187 204 180 204 180 150 487 150 487 80 487 80 0 3 0 6
 4259584 5 200 217 192 217 192 158 467 158 467 80 467 80 0 3 0 6
 4259584 5 213 217 208 217 208 165 447 165 447 80 447 80 0 3 0 6
 8454016 5 200 282 200 282 304 282 304 282 304 414 304 414 0 3 0 4
 8454016 5 213 295 213 295 323 295 323 295 323 414 323 414 0 3 0 4
 8454016 5 226 308 226 308 342 308 342 308 342 414 342 414 0 3 0 4
 8454016 5 239 321 239 321 361 321 361 321 361 414 361 414 0 3 0 4
 8388736 5 252 217 252 217 426 217 426 282 421 282 421 282 0 3 0 3
 255 5 356 178 356 178 356 178 356 126 356 126 356 126 0 3 0 3
 0 5 434 321 434 321 434 321 434 373 434 373 434 373 0 3 0 3
 0 5 538 321 538 321 538 321 538 373 538 373 538 373 0 3 0 3
 255 5 460 178 460 178 460 178 460 126 460 126 460 126 0 3 0 3
 4227327 5 174 178 174 178 174 172 473 172 473 178 473 178 0 3 0 3
 4227327 5 187 191 187 191 187 185 499 185 499 191 499 191 0 3 0 3
 4227327 5 200 204 200 204 200 197 525 197 525 204 525 204 0 3 0 3
 4227327 5 213 204 213 204 213 208 452 208 452 282 460 282 0 3 0 3
 12615935 5 473 321 473 321 473 314 408 314 408 321 408 321 0 3 0 3
 12615935 5 486 217 486 217 486 273 395 273 395 282 395 282 0 3 0 3
 12615935 5 512 217 507 217 507 289 369 289 369 295 369 295 0 3 0 3
 12615935 5 538 217 538 217 538 301 356 301 356 308 356 308 0 3 0 3
 16744448 5 174 321 174 313 153 313 153 182 213 182 213 178 0 3 0 3
 16744448 5 213 191 213 197 170 197 170 321 187 321 187 321 0 3 0 3
3
 7195 1 16 155 230 5 0 1988008112 0 3
 7020 1 14 350 230 5 0 1988008112 0 3
 7004 1 14 454 230 5 0 1988008112 0 3
