Version 0.9.7
7
 4 10 175 77 128 0 1
 5 80 400 206 81 2 2
 0 93 117 877 276 8 3
 2 143 23 206 81 140 4
 3 372 35 203 58 150 5
 1 146 421 206 81 159 6
 1 383 424 206 81 185 8
 0
59
 255 5 71 189 71 189 71 131 71 131 146 131 146 131 0 1 0 3
 255 5 71 228 71 228 56 228 56 378 146 378 146 378 0 1 0 3
 255 5 158 34 158 34 167 34 167 131 159 131 159 131 0 4 0 3
 255 5 159 378 159 378 159 432 159 432 161 432 161 432 0 3 0 6
 65793 5 71 249 71 249 81 249 81 144 146 144 146 144 0 1 0 3
 65793 5 71 288 71 288 71 365 71 365 146 365 146 365 0 1 0 3
 65793 5 172 365 172 365 172 490 172 490 161 490 161 490 0 3 0 6
 65793 5 263 326 263 326 263 326 263 365 263 365 263 365 0 3 0 3
 65793 5 380 326 380 326 380 326 380 365 380 365 380 365 0 3 0 3
 65793 5 380 144 380 144 380 72 380 72 383 72 383 72 0 3 0 5
 65793 5 158 92 158 92 185 92 185 92 185 144 185 144 0 4 0 3
 255 5 172 131 172 131 172 131 172 183 172 183 172 183 0 3 0 3
 255 5 289 131 289 131 289 131 289 183 289 183 289 183 0 3 0 3
 255 5 398 435 398 435 398 378 398 378 393 378 393 378 0 8 0 3
 65793 5 398 493 398 493 406 493 406 493 406 365 406 365 0 8 0 3
 8453888 5 335 432 335 432 335 337 250 337 250 326 250 326 0 6 0 3
 8453888 5 316 432 316 432 316 348 237 348 237 326 237 326 0 6 0 3
 8453888 5 297 432 297 432 297 372 226 372 226 326 224 326 0 6 0 3
 8453888 5 278 432 278 388 212 388 212 326 211 326 211 326 0 6 0 3
 8388736 5 259 432 259 432 272 432 272 222 263 222 263 222 0 6 0 3
 10485760 5 250 183 250 183 244 183 244 60 199 60 199 60 0 3 0 4
 16744448 5 221 432 221 402 200 402 200 326 198 326 198 326 0 6 0 3
 16744448 5 198 313 198 313 198 313 185 313 185 313 185 313 0 3 0 3
 16744448 5 198 300 198 300 198 304 302 304 302 300 302 300 0 3 0 3
 16744448 5 302 313 302 313 302 313 315 313 315 313 315 313 0 3 0 3
 8454143 5 202 432 202 432 189 432 189 326 172 326 172 326 0 6 0 3
 8454143 5 172 287 172 287 172 293 289 293 289 287 289 287 0 3 0 3
 8388736 5 263 209 263 209 263 214 380 214 380 222 380 222 0 3 0 3
 10485760 5 250 196 250 196 250 189 367 189 367 183 367 183 0 3 0 3
 255 5 406 183 406 183 406 183 406 131 406 131 406 131 0 3 0 3
 8454016 5 515 435 515 435 515 334 399 334 399 222 419 222 0 8 0 3
 8454016 5 534 435 531 435 531 229 458 229 458 222 458 222 0 8 0 3
 8454016 5 553 448 553 448 553 354 445 354 445 326 445 326 0 8 0 3
 8454016 5 572 461 572 461 572 345 406 345 406 326 406 326 0 8 0 3
 65793 5 484 326 484 326 484 326 484 365 484 365 484 365 0 3 0 3
 16777215 5 439 435 439 435 426 435 426 326 419 326 419 326 0 8 0 3
 16777215 5 419 313 419 313 419 306 458 306 458 313 458 313 0 3 0 3
 16777215 5 419 287 419 287 431 287 431 222 432 222 432 222 0 3 0 3
 16777215 5 432 209 432 209 432 209 471 209 471 209 471 209 0 3 0 3
 8453888 5 328 287 328 287 328 234 445 234 445 222 445 222 0 3 0 3
 8453888 5 484 222 484 222 484 293 341 293 341 300 341 300 0 3 0 3
 8453888 5 354 313 354 313 354 318 471 318 471 300 471 300 0 3 0 3
 8453888 5 367 326 367 326 367 355 432 355 432 326 432 326 0 3 0 3
 255 5 601 326 601 326 601 326 601 378 601 378 601 378 0 3 0 3
 65793 5 601 183 601 183 601 183 601 144 601 144 601 144 0 3 0 3
 33023 5 198 196 198 196 198 176 660 176 660 287 640 287 0 3 0 3
 33023 5 211 209 211 203 580 203 580 287 575 287 575 287 0 3 0 3
 33023 5 224 222 224 222 224 218 542 218 542 287 549 287 0 3 0 3
 33023 5 185 183 185 183 185 167 627 167 627 183 627 183 0 3 0 3
 16512 5 302 183 302 183 302 160 614 160 614 183 614 183 0 3 0 3
 16512 5 315 196 315 196 315 151 674 151 674 300 627 300 0 3 0 3
 16512 5 328 209 322 209 322 245 588 245 588 300 588 300 0 3 0 3
 16512 5 341 222 341 222 341 261 549 261 549 222 549 222 0 3 0 3
 12615935 5 562 183 562 190 583 190 583 79 558 79 558 79 0 3 0 5
 12615935 5 562 287 562 287 517 287 517 93 538 93 538 79 0 3 0 5
 12615935 5 614 287 633 287 633 70 518 70 518 79 518 79 0 3 0 5
 12615935 5 640 183 648 183 648 104 498 104 498 79 498 79 0 3 0 5
 12615935 5 575 183 575 183 575 118 458 118 458 79 458 79 0 3 0 5
 12615935 5 588 222 588 222 594 222 594 467 439 467 439 461 0 3 0 8
4
 7195 1 16 166 235 5 0 1988008112 0 3
 7195 1 16 283 235 5 0 1988008112 0 3
 7083 1 16 543 235 5 0 1988008112 0 3
 7086 1 14 400 235 5 0 1988008112 0 3
