757
484
865
806
990
598
676
425
855
392
301
272
402
751
214
542
995
638
904
343
658
621
106
108
944
301
298
784
918
563
215
443
192
687
937
32
265
649
320
884
392
735
338
878
632
340
193
437
830
680
784
123
579
128
149
780
721
658
226
90
251
432
598
393
300
86
649
226
370
769
292
358
387
62
518
649
245
685
20
288
548
360
456
48
956
803
34
509
279
874
348
587
24
593
942
69
606
900
298
208
116
340
611
570
901
787
95
444
445
220
355
42
546
978
549
91
65
379
868
249
918
656
11
335
59
972
973
626
313
846
771
901
197
829
65
485
353
152
534
901
243
655
554
687
35
41
810
736
398
835
198
919
224
33
804
26
790
204
238
956
737
640
326
735
639
593
249
170
459
281
9
151
493
849
277
36
116
42
779
651
415
790
222
632
379
784
954
431
623
53
620
544
475
677
327
200
199
842
737
525
192
756
996
461
181
638
232
932
607
321
678
768
327
162
439
258
914
779
810
740
455
315
405
193
890
306
675
638
513
734
396
163
794
339
962
901
423
858
791
963
778
81
836
163
75
779
837
145
233
683
968
123
821
18
972
932
114
867
414
699
480
327
598
447
544
883
464
441
369
242
742
62
1
327
348
456
983
555
948
384
165
271
719
249
492
407
524
308
479
323
211
812
577
19
747
557
859
623
33
270
909
232
802
904
246
878
255
954
15
575
7
619
921
521
203
83
567
516
731
694
574
311
86
29
640
845
6
898
384
412
122
897
841
138
21
326
863
492
316
615
766
436
172
559
161
670
586
627
811
295
284
740
210
891
180
42
817
202
981
474
252
581
782
516
999
611
308
523
543
299
541
209
426
437
950
439
450
873
413
790
876
499
795
197
423
898
121
63
864
844
483
424
370
504
162
412
971
351
732
340
458
983
126
734
397
206
337
671
647
239
578
8
533
652
652
466
386
761
672
984
496
600
548
824
191
79
330
381
195
378
991
860
757
293
404
8
300
355
945
852
44
404
997
397
332
726
395
642
701
267
94
936
31
11
708
534
854
270
321
186
497
160
195
271
467
457
178
292
354
808
522
65
141
660
593
440
667
366
587
54
262
630
910
301
431
792
935
423
163
810
107
577
338
30
762
90
408
583
85
742
