947
597
542
129
468
743
787
793
89
428
906
764
279
810
753
693
391
593
178
226
577
282
136
311
233
94
960
7
610
220
837
537
134
850
451
283
279
6
397
413
208
346
690
428
741
771
930
865
994
164
767
166
951
60
119
236
432
336
717
612
474
638
415
472
705
279
714
877
511
392
889
232
56
654
741
458
993
723
774
65
494
729
880
500
794
2
217
306
817
58
750
192
154
793
165
13
672
681
854
60
504
728
650
238
404
402
502
793
350
551
865
304
505
316
776
104
544
441
946
205
626
94
247
135
269
491
237
868
327
522
466
875
772
419
789
138
234
620
280
893
176
771
918
980
317
426
250
295
100
189
288
785
677
282
428
950
247
254
32
321
498
248
804
767
985
436
446
794
868
119
193
915
964
418
849
287
855
205
140
581
163
193
252
433
359
9
314
624
957
750
292
352
300
550
823
987
874
161
592
393
839
127
323
646
324
641
695
31
386
803
185
340
992
10
77
595
404
448
491
473
514
777
509
357
26
544
799
995
780
467
255
58
511
993
796
379
15
892
315
478
524
590
925
538
655
788
340
729
240
65
484
78
330
753
358
588
712
859
480
524
705
833
104
90
431
135
711
653
222
174
786
665
95
156
196
347
124
658
304
0
670
298
825
114
338
594
988
729
658
977
917
761
191
109
935
973
740
127
696
697
239
412
152
580
192
872
530
466
844
345
282
180
3
317
135
274
917
209
506
543
275
496
4
367
50
132
983
976
714
836
323
217
580
57
288
611
387
878
987
59
738
885
369
985
283
128
384
673
239
442
973
884
369
931
944
201
972
889
732
333
365
178
731
60
420
3
407
578
588
939
538
963
818
745
359
91
786
422
689
516
148
457
57
490
374
846
117
236
891
281
844
137
65
341
230
99
240
364
392
509
598
177
405
877
864
634
24
62
915
579
823
134
89
625
729
910
103
477
879
827
674
496
744
639
577
321
751
357
454
808
832
112
783
222
72
406
185
243
833
774
252
892
308
227
105
687
681
380
263
28
418
226
165
402
527
317
394
818
522
107
225
884
810
46
617
877
309
617
96
514
477
695
927
59
646
888
776
935
134
192
132
759
938
342
265
482
450
54
384
317
651
395
861
820
59
133
808
370
697
690
