771
110
704
765
706
971
391
379
432
816
753
20
532
59
412
387
812
619
631
717
296
912
264
199
982
982
514
342
964
133
459
523
781
993
171
353
378
433
512
884
866
813
919
312
404
633
957
635
825
672
363
680
415
799
224
713
647
688
704
936
696
455
378
522
973
405
472
697
209
990
15
276
579
809
654
213
956
564
212
183
973
129
306
561
790
64
191
171
769
594
394
173
933
344
458
103
295
14
170
744
690
352
280
950
863
983
340
454
576
471
494
849
974
864
672
60
770
631
931
426
744
457
85
392
80
908
191
252
615
17
573
371
922
1
343
22
26
131
597
40
931
528
703
55
886
84
962
316
407
544
214
496
472
368
180
61
28
446
157
967
769
314
398
141
124
871
912
416
944
834
219
207
649
513
387
403
3
398
154
126
624
79
725
731
78
484
643
234
102
884
224
371
761
955
0
836
29
4
558
64
517
839
844
486
463
256
13
675
167
52
550
5
937
168
868
214
500
584
351
905
673
960
291
788
347
595
631
569
680
133
486
635
261
487
91
994
681
687
458
611
672
929
138
406
87
423
726
613
247
216
962
159
778
727
627
702
363
331
671
739
354
135
124
75
101
981
789
822
826
931
886
213
528
522
904
557
110
175
912
292
91
449
658
679
165
974
748
853
29
617
773
444
351
524
644
334
703
477
916
247
15
825
845
382
965
162
214
918
841
470
398
976
36
150
211
102
821
247
946
870
869
672
92
145
498
225
249
599
72
668
446
745
739
651
866
883
114
382
647
556
341
958
236
83
639
691
231
160
750
399
952
612
439
789
672
149
63
97
744
362
109
758
439
120
35
254
523
767
994
17
848
788
453
213
670
859
838
181
628
240
821
602
251
418
967
851
622
333
67
34
37
539
0
301
737
903
226
885
986
413
915
959
372
793
454
941
671
931
142
656
646
35
510
547
695
886
266
967
89
989
314
95
236
639
878
311
922
347
477
318
804
748
56
245
63
440
203
451
797
495
268
854
943
493
828
808
192
547
554
276
845
497
639
227
721
224
844
520
565
151
87
44
68
829
525
30
317
493
665
539
426
747
354
366
669
265
739
860
810
430
796
390
391
996
934
604
287
20
420
739
334
80
245
90
152
845
949
423
579
859
