Version 0.9.7
6
 4 10 175 77 128 0 1
 5 80 400 206 81 2 2
 0 93 115 877 276 8 3
 3 396 43 203 58 140 4
 2 164 23 206 81 153 5
 1 151 406 206 81 165 6
 0
44
 255 5 71 189 71 189 71 129 71 129 146 129 146 129 0 1 0 3
 0 5 71 288 71 288 71 376 71 376 146 376 146 376 0 1 0 3
 0 5 354 324 354 324 354 324 354 376 354 376 354 376 0 3 0 3
 0 5 71 249 71 249 55 249 55 142 146 142 146 142 0 1 0 3
 255 5 276 129 276 129 276 129 276 181 276 181 276 181 0 3 0 3
 255 5 71 228 71 228 61 228 61 363 146 363 146 363 0 1 0 3
 255 5 159 129 159 129 159 34 159 34 179 34 179 34 0 3 0 5
 0 5 172 142 172 142 172 92 172 92 179 92 179 92 0 3 0 5
 255 5 159 363 159 363 159 417 159 417 166 417 166 417 0 3 0 6
 0 5 172 376 172 376 180 376 180 475 166 475 166 475 0 3 0 6
 0 5 198 181 198 181 198 181 198 142 198 142 198 142 0 3 0 3
 255 5 211 363 211 363 211 363 211 324 211 324 211 324 0 3 0 3
 255 5 380 181 380 181 380 181 380 129 380 129 380 129 0 3 0 3
 0 5 666 324 666 324 666 324 666 376 666 376 666 376 0 3 0 3
 0 5 562 324 562 324 562 324 562 376 562 376 562 376 0 3 0 3
 0 5 458 324 458 324 458 324 458 376 458 376 458 376 0 3 0 3
 255 5 484 181 484 181 484 181 484 129 484 129 484 129 0 3 0 3
 255 5 588 181 588 181 588 181 588 129 588 129 588 129 0 3 0 3
 16711680 5 159 285 159 285 140 285 140 67 220 67 220 60 0 3 0 5
 65535 5 237 324 237 324 237 324 237 363 237 363 237 363 0 3 0 3
 65535 5 172 324 172 324 172 324 172 363 172 363 172 363 0 3 0 3
 65535 5 185 324 185 324 185 324 185 363 185 363 185 363 0 3 0 3
 65535 5 250 324 250 324 250 324 250 363 250 363 250 363 0 3 0 3
 65280 5 198 285 198 285 198 228 224 228 224 220 224 220 0 3 0 3
 8454016 5 159 220 159 220 159 213 237 213 237 220 237 220 0 3 0 3
 33023 5 302 285 302 285 302 278 250 278 250 220 250 220 0 3 0 3
 33023 5 250 207 250 207 250 200 211 200 211 207 211 207 0 3 0 3
 33023 5 276 298 276 298 276 292 406 292 406 298 406 298 0 3 0 3
 33023 5 289 311 289 311 289 316 445 316 445 311 445 311 0 3 0 3
 8388736 5 172 194 172 194 172 187 386 187 386 285 393 285 0 3 0 3
 8388736 5 185 181 185 181 185 171 412 171 412 285 419 285 0 3 0 3
 33023 5 380 311 380 311 380 304 484 304 484 311 484 311 0 3 0 3
 8388736 5 497 298 497 298 497 291 432 291 432 298 432 298 0 3 0 3
 8388736 5 380 324 380 324 380 423 207 423 207 430 207 430 0 3 0 6
 16744448 5 207 417 207 407 374 407 374 104 442 104 442 87 0 6 0 4
 16744448 5 614 220 614 220 614 220 614 285 614 285 614 285 0 3 0 3
 16744448 5 627 220 635 220 635 103 462 103 462 87 462 87 0 3 0 4
 16744448 5 601 220 608 220 608 437 207 437 207 443 207 443 0 3 0 6
 16744448 5 172 181 172 164 477 164 477 87 482 87 482 87 0 3 0 4
 16744448 5 224 181 224 181 224 153 502 153 502 87 502 87 0 3 0 4
 12615935 5 172 207 167 207 167 243 588 243 588 285 588 285 0 3 0 3
 12615935 5 224 207 230 207 230 263 601 263 601 285 601 285 0 3 0 3
 16711680 5 224 285 224 285 224 291 159 291 159 298 159 298 0 3 0 3
 0 5 407 80 407 80 407 142 407 142 406 142 406 142 0 4 0 3
5
 7076 1 16 153 233 5 0 1988008112 0 3
 7008 1 14 374 233 5 0 1988008112 0 3
 7004 1 14 478 233 5 0 1988008112 0 3
 7032 1 14 270 233 5 0 1988008112 0 3
 7086 1 14 582 233 5 0 1988008112 0 3
