Version 0.9.7
5
 4 10 175 77 128 0 1
 5 80 400 206 81 2 2
 0 93 115 877 276 8 3
 3 396 43 203 58 140 4
 2 164 23 206 81 153 5
 0
33
 255 5 71 189 71 189 71 129 71 129 146 129 146 129 0 1 0 3
 0 5 71 288 71 288 71 376 71 376 146 376 146 376 0 1 0 3
 0 5 71 249 71 249 55 249 55 142 146 142 146 142 0 1 0 3
 255 5 71 228 71 228 61 228 61 363 146 363 146 363 0 1 0 3
 255 5 159 129 159 129 159 34 159 34 179 34 179 34 0 3 0 5
 0 5 172 142 172 142 172 92 172 92 179 92 179 92 0 3 0 5
 0 5 198 181 198 181 198 181 198 142 198 142 198 142 0 3 0 3
 255 5 211 363 211 363 211 363 211 324 211 324 211 324 0 3 0 3
 65535 5 237 324 237 324 237 324 237 363 237 363 237 363 0 3 0 3
 65535 5 172 324 172 324 172 324 172 363 172 363 172 363 0 3 0 3
 65535 5 185 324 185 324 185 324 185 363 185 363 185 363 0 3 0 3
 65535 5 250 324 250 324 250 324 250 363 250 363 250 363 0 3 0 3
 0 5 407 80 407 80 407 142 407 142 406 142 406 142 0 4 0 3
 16711680 5 159 285 159 285 152 285 152 69 220 69 220 60 0 3 0 5
 0 5 315 181 315 181 315 181 315 142 315 142 315 142 0 3 0 3
 255 5 328 324 328 324 328 324 328 363 328 363 328 363 0 3 0 3
 65535 5 354 324 354 324 354 324 354 363 354 363 354 363 0 3 0 3
 65535 5 367 324 367 324 367 324 367 363 367 363 367 363 0 3 0 3
 65535 5 302 324 302 324 302 324 302 363 302 363 302 363 0 3 0 3
 65535 5 289 324 289 324 289 324 289 363 289 363 289 363 0 3 0 3
 65535 5 198 324 198 324 198 324 198 363 198 363 198 363 0 3 0 3
 65535 5 159 181 159 181 159 150 179 150 179 129 185 129 0 3 0 3
 65535 5 250 181 250 181 250 181 250 129 250 129 250 129 0 3 0 3
 65535 5 211 181 211 181 211 181 211 129 211 129 211 129 0 3 0 3
 16711680 5 172 220 172 220 172 227 224 227 224 285 224 285 0 3 0 3
 16711680 5 224 220 229 220 229 228 270 228 270 285 276 285 0 3 0 3
 16711680 5 289 220 289 220 289 229 348 229 348 285 341 285 0 3 0 3
 65535 5 276 181 276 181 276 181 276 129 276 129 276 129 0 3 0 3
 65535 5 328 129 328 129 328 129 328 181 328 181 328 181 0 3 0 3
 65280 5 185 194 185 187 505 187 505 87 502 87 502 87 0 3 0 4
 65280 5 237 207 237 207 237 199 491 199 491 87 482 87 0 3 0 4
 65280 5 302 181 308 181 308 115 462 115 462 87 462 87 0 3 0 4
 65280 5 354 181 354 181 354 174 442 174 442 87 442 87 0 3 0 4
2
 7076 1 16 153 233 5 0 1988008112 0 3
 7076 1 16 270 233 5 0 1988008112 0 3
