Version 0.9.7
6
 4 10 175 77 128 0 1
 5 80 400 206 81 2 2
 0 93 115 877 276 8 3
 3 396 43 203 58 140 4
 2 164 23 206 81 153 5
 1 146 400 206 81 357 7
 0
28
 255 5 71 189 71 189 71 129 71 129 146 129 146 129 0 1 0 3
 0 5 71 288 71 288 71 376 71 376 146 376 146 376 0 1 0 3
 0 5 71 249 71 249 55 249 55 142 146 142 146 142 0 1 0 3
 255 5 71 228 71 228 61 228 61 363 146 363 146 363 0 1 0 3
 255 5 159 129 159 129 159 34 159 34 179 34 179 34 0 3 0 5
 0 5 172 142 172 142 172 92 172 92 179 92 179 92 0 3 0 5
 0 5 407 80 407 80 407 142 407 142 406 142 406 142 0 4 0 3
 255 5 185 129 185 129 185 129 185 181 185 181 185 181 0 3 0 3
 0 5 276 324 276 324 276 324 276 376 276 376 276 376 0 3 0 3
 0 5 380 324 380 324 380 324 380 376 380 376 380 376 0 3 0 3
 255 5 302 181 302 181 302 181 302 129 302 129 302 129 0 3 0 3
 255 5 161 411 161 411 161 411 159 411 159 363 159 363 0 7 0 3
 0 5 161 469 161 469 177 469 177 376 172 376 172 376 0 7 0 3
 16711680 5 198 285 198 278 152 278 152 66 220 66 220 60 0 3 0 5
 65280 5 263 220 263 220 263 220 263 285 263 285 263 285 0 3 0 3
 65535 5 185 324 185 324 185 418 221 418 221 411 221 411 0 3 0 7
 12615935 5 250 220 245 220 245 101 442 101 442 87 442 87 0 3 0 4
 12615935 5 237 220 232 220 232 113 462 113 462 87 462 87 0 3 0 4
 12615935 5 224 220 218 220 218 151 482 151 482 87 482 87 0 3 0 4
 12615935 5 211 220 204 220 204 163 502 163 502 87 502 87 0 3 0 4
 8388736 5 211 324 211 324 211 383 335 383 335 411 335 411 0 3 0 7
 8388736 5 224 324 224 324 224 391 316 391 316 411 316 411 0 3 0 7
 8388736 5 237 324 237 324 237 401 297 401 297 411 297 411 0 3 0 7
 8388736 5 278 411 278 411 278 414 250 414 250 324 250 324 0 7 0 3
 33023 5 250 207 250 207 315 207 315 207 315 220 315 220 0 3 0 3
 65280 5 263 298 263 298 263 295 208 295 208 411 202 411 0 3 0 7
 33023 5 211 194 211 194 211 194 328 194 328 194 328 194 0 3 0 3
 33023 5 341 220 341 220 341 220 276 220 276 220 276 220 0 3 0 3
2
 7161 1 16 179 233 5 0 1988008112 0 3
 7000 1 14 296 233 5 0 1988008112 0 3
