Version 0.9.7
5
 4 10 175 77 128 0 1
 5 80 400 206 81 2 2
 0 96 100 877 276 8 3
 1 317 12 206 81 140 4
 3 531 34 203 58 150 5
 0
50
 65793 5 71 288 71 288 71 348 71 348 149 348 149 348 0 1 0 3
 255 5 71 189 71 189 62 189 62 114 149 114 149 114 0 1 0 3
 255 5 162 114 162 114 162 114 162 361 162 361 162 361 0 3 0 3
 255 5 266 270 266 265 87 265 87 228 71 228 71 228 0 3 0 1
 0 5 214 348 214 348 214 348 214 309 214 309 214 309 0 3 0 3
 0 5 305 348 305 348 305 348 305 309 305 309 305 309 0 3 0 3
 255 5 240 361 240 361 240 361 240 309 240 309 240 309 0 3 0 3
 255 5 292 166 292 166 292 166 292 114 292 114 292 114 0 3 0 3
 0 5 71 262 71 262 54 262 54 127 149 127 149 127 0 1 0 3
 0 5 266 166 266 166 266 166 266 127 266 127 266 127 0 3 0 3
 0 5 305 127 305 127 320 127 320 81 332 81 332 81 0 3 0 4
 255 5 305 114 305 114 305 23 305 23 332 23 332 23 0 3 0 4
 255 5 253 179 253 173 359 173 359 49 373 49 373 49 0 3 0 4
 0 5 539 127 539 127 539 71 539 71 542 71 542 71 0 3 0 5
 255 5 370 166 370 166 370 166 370 114 370 114 370 114 0 3 0 3
 0 5 448 309 448 309 448 309 448 348 448 348 448 348 0 3 0 3
 255 5 373 36 373 36 418 36 418 145 474 145 474 257 0 4 0 3
 255 5 370 270 370 270 370 277 474 277 474 270 474 270 0 3 0 3
 255 5 409 283 409 283 409 290 474 290 474 283 474 283 0 3 0 3
 255 5 422 205 422 205 417 205 417 301 474 301 474 296 0 3 0 3
 255 5 383 205 391 205 391 317 474 317 474 309 474 309 0 3 0 3
 8454016 5 449 49 449 49 396 49 396 49 396 205 396 205 0 4 0 3
 8454016 5 409 205 409 205 409 197 214 197 214 205 214 205 0 3 0 3
 8454016 5 468 49 468 49 383 49 383 49 383 270 383 270 0 4 0 3
 8454016 5 396 270 396 270 396 273 253 273 253 270 253 270 0 3 0 3
 8454016 5 487 49 487 49 425 49 425 270 422 270 422 270 0 4 0 3
 8454016 5 435 283 435 283 435 283 292 283 292 283 292 283 0 3 0 3
 8454016 5 506 49 516 49 516 198 435 198 435 205 435 205 0 4 0 3
 8454016 5 448 205 448 205 448 210 279 210 279 205 279 205 0 3 0 3
 0 5 630 309 630 309 630 309 630 348 630 348 630 348 0 3 0 3
 0 5 747 309 749 309 749 309 747 348 747 348 747 348 0 3 0 3
 255 5 552 166 552 166 552 166 552 114 552 114 552 114 0 3 0 3
 255 5 669 166 669 166 669 166 669 114 669 114 669 114 0 3 0 3
 255 5 227 205 227 205 227 185 565 185 565 205 565 205 0 3 0 3
 255 5 227 309 227 309 227 302 585 302 585 205 591 205 0 3 0 3
 255 5 279 296 279 296 279 290 610 290 610 205 617 205 0 3 0 3
 255 5 552 270 552 270 552 258 305 258 305 205 305 205 0 3 0 3
 255 5 578 192 578 192 578 192 682 192 682 192 682 192 0 3 0 3
 255 5 604 179 604 179 604 179 695 179 695 179 695 179 0 3 0 3
 255 5 630 205 630 205 630 199 721 199 721 205 721 205 0 3 0 3
 255 5 565 270 565 270 565 259 734 259 734 205 734 205 0 3 0 3
 255 5 747 205 747 205 747 264 721 264 721 283 721 283 0 3 0 3
 255 5 708 205 708 205 715 205 715 283 708 283 708 283 0 3 0 3
 255 5 734 296 734 296 734 296 604 296 604 296 604 296 0 3 0 3
 16711680 5 734 309 760 309 760 100 577 100 577 78 577 78 0 3 0 5
 255 5 240 205 240 205 240 253 669 253 669 270 669 270 0 3 0 3
 255 5 669 283 669 283 669 277 578 277 578 283 578 283 0 3 0 3
 16711680 5 591 270 591 270 591 78 591 78 597 78 597 78 0 3 0 5
 255 5 617 309 617 309 617 304 682 304 682 309 682 309 0 3 0 3
 16711680 5 695 270 695 270 773 270 773 78 617 78 617 78 0 3 0 5
4
 7083 1 16 208 218 5 0 1984010416 0 3
 7086 1 14 364 218 5 0 1984010416 0 3
 7004 1 14 546 218 5 0 1984010416 0 3
 7008 1 14 663 218 5 0 1984010416 0 3
