Version 0.9.7
5
 4 10 175 77 128 0 1
 5 80 400 206 81 2 2
 0 96 100 877 276 8 3
 1 317 12 206 81 140 4
 3 531 34 203 58 164 5
 0
23
 65793 5 71 288 71 288 71 348 71 348 149 348 149 348 0 1 0 3
 255 5 71 189 71 189 62 189 62 114 149 114 149 114 0 1 0 3
 255 5 162 114 162 114 162 114 162 361 162 361 162 361 0 3 0 3
 255 5 266 270 266 270 87 270 87 228 71 228 71 228 0 3 0 1
 0 5 214 348 214 348 214 348 214 309 214 309 214 309 0 3 0 3
 0 5 305 348 305 348 305 348 305 309 305 309 305 309 0 3 0 3
 255 5 240 361 240 361 240 361 240 309 240 309 240 309 0 3 0 3
 255 5 292 166 292 166 292 166 292 114 292 114 292 114 0 3 0 3
 255 5 253 309 253 309 253 309 253 361 253 361 253 361 0 3 0 3
 255 5 214 166 214 166 214 166 214 114 214 114 214 114 0 3 0 3
 0 5 292 309 292 309 292 309 292 348 292 348 292 348 0 3 0 3
 0 5 279 166 279 166 279 166 279 127 279 127 279 127 0 3 0 3
 0 5 71 262 71 262 54 262 54 127 149 127 149 127 0 1 0 3
 0 5 266 166 266 166 266 166 266 127 266 127 266 127 0 3 0 3
 0 5 305 127 305 127 320 127 320 81 332 81 332 81 0 3 0 4
 255 5 305 114 305 114 305 23 305 23 332 23 332 23 0 3 0 4
 255 5 253 179 253 179 361 179 361 49 373 49 373 49 0 3 0 4
 0 5 539 127 539 127 539 71 539 71 542 71 542 71 0 3 0 5
 16744448 5 240 192 240 192 240 186 577 186 577 78 577 78 0 3 0 5
 16744448 5 227 205 227 205 227 199 597 199 597 78 597 78 0 3 0 5
 16744448 5 305 205 305 205 657 205 657 205 657 78 657 78 0 3 0 5
 16744448 5 279 296 279 296 637 296 637 296 637 78 637 78 0 3 0 5
 16744448 5 227 283 227 283 617 283 617 283 617 78 617 78 0 3 0 5
1
 7083 1 16 208 218 5 0 1984010416 0 3
