Version 0.9.7
5
 4 10 175 77 128 0 1
 5 80 400 206 81 2 2
 0 96 100 877 276 8 3
 1 317 12 206 81 140 4
 3 531 34 203 58 150 5
 0
34
 65793 5 71 288 71 288 71 348 71 348 149 348 149 348 0 1 0 3
 255 5 71 189 71 189 62 189 62 114 149 114 149 114 0 1 0 3
 255 5 162 114 162 114 162 114 162 361 162 361 162 361 0 3 0 3
 255 5 266 270 266 265 87 265 87 228 71 228 71 228 0 3 0 1
 0 5 214 348 214 348 214 348 214 309 214 309 214 309 0 3 0 3
 0 5 305 348 305 348 305 348 305 309 305 309 305 309 0 3 0 3
 255 5 240 361 240 361 240 361 240 309 240 309 240 309 0 3 0 3
 255 5 292 166 292 166 292 166 292 114 292 114 292 114 0 3 0 3
 0 5 71 262 71 262 54 262 54 127 149 127 149 127 0 1 0 3
 0 5 266 166 266 166 266 166 266 127 266 127 266 127 0 3 0 3
 0 5 305 127 305 127 320 127 320 81 332 81 332 81 0 3 0 4
 255 5 305 114 305 114 305 23 305 23 332 23 332 23 0 3 0 4
 255 5 253 179 253 173 359 173 359 49 373 49 373 49 0 3 0 4
 0 5 539 127 539 127 539 71 539 71 542 71 542 71 0 3 0 5
 16744448 5 240 192 240 192 240 179 577 179 577 78 577 78 0 3 0 5
 16744448 5 227 205 227 205 227 185 597 185 597 78 597 78 0 3 0 5
 16744448 5 305 205 305 205 305 192 657 192 657 78 657 78 0 3 0 5
 16744448 5 279 296 279 296 279 301 637 301 637 78 637 78 0 3 0 5
 16744448 5 227 283 227 283 227 289 617 289 617 78 617 78 0 3 0 5
 255 5 370 166 370 166 370 166 370 114 370 114 370 114 0 3 0 3
 0 5 448 309 448 309 448 309 448 348 448 348 448 348 0 3 0 3
 255 5 373 36 373 36 418 36 418 145 474 145 474 257 0 4 0 3
 255 5 370 270 370 270 370 277 474 277 474 270 474 270 0 3 0 3
 255 5 409 283 409 283 409 290 474 290 474 283 474 283 0 3 0 3
 255 5 422 205 422 205 417 205 417 301 474 301 474 296 0 3 0 3
 255 5 383 205 391 205 391 317 474 317 474 309 474 309 0 3 0 3
 8454016 5 449 49 449 49 396 49 396 49 396 205 396 205 0 4 0 3
 8454016 5 409 205 409 205 409 199 214 199 214 205 214 205 0 3 0 3
 8454016 5 468 49 468 49 383 49 383 49 383 270 383 270 0 4 0 3
 8454016 5 396 270 396 270 396 273 253 273 253 270 253 270 0 3 0 3
 8454016 5 487 49 487 49 425 49 425 270 422 270 422 270 0 4 0 3
 8454016 5 435 283 435 283 435 283 292 283 292 283 292 283 0 3 0 3
 8454016 5 506 49 516 49 516 198 435 198 435 205 435 205 0 4 0 3
 8454016 5 448 205 448 205 448 205 279 205 279 205 279 205 0 3 0 3
2
 7083 1 16 208 218 5 0 1984010416 0 3
 7086 1 14 364 218 5 0 1984010416 0 3
