Version 0.9.7
5
 4 10 175 77 128 0 1
 5 80 400 206 81 2 2
 0 92 103 877 276 8 3
 3 353 41 203 58 140 4
 1 196 392 206 81 149 5
 0
19
 65793 5 71 288 71 288 71 288 71 351 145 351 145 351 0 1 0 3
 255 5 71 189 71 189 71 117 71 117 145 117 145 117 0 1 0 3
 255 5 71 228 71 228 59 228 59 364 145 364 145 364 0 1 0 3
 0 5 71 249 71 249 85 249 85 130 145 130 145 130 0 1 0 3
 0 5 262 312 262 312 262 312 262 351 262 351 262 351 0 3 0 3
 0 5 379 351 379 351 379 351 379 312 379 312 379 312 0 3 0 3
 255 5 184 169 184 169 184 169 184 117 184 117 184 117 0 3 0 3
 255 5 301 169 301 169 301 169 301 117 301 117 301 117 0 3 0 3
 255 5 211 403 211 403 211 364 211 364 210 364 210 364 0 5 0 3
 0 5 184 351 184 351 184 461 184 461 211 461 211 461 0 3 0 5
 16711680 5 252 403 252 403 252 335 178 335 178 273 184 273 0 5 0 3
 16711680 5 252 416 252 416 252 388 301 388 301 312 301 312 0 5 0 3
 65280 5 271 403 271 403 197 403 197 403 197 286 197 286 0 5 0 3
 65280 5 271 416 271 404 311 404 311 312 314 312 314 312 0 5 0 3
 65280 5 210 273 210 273 210 273 223 273 223 273 223 273 0 3 0 3
 65280 5 223 286 223 286 223 286 236 286 236 286 236 286 0 3 0 3
 65280 5 249 273 249 273 249 109 399 109 399 85 399 85 0 3 0 4
 16711680 5 327 273 327 273 419 273 419 273 419 85 419 85 0 3 0 4
 0 5 364 78 364 78 236 78 236 78 236 130 236 130 0 4 0 3
2
 7000 1 14 178 221 5 0 1984010416 0 3
 7086 1 14 295 221 5 0 1984010416 0 3
