Version 0.9.7
5
 4 10 175 77 128 0 1
 5 80 400 206 81 2 2
 0 110 110 877 276 8 3
 3 354 47 203 58 140 4
 1 197 396 206 81 169 7
 0
21
 255 5 71 189 71 189 70 189 70 124 163 124 163 124 0 1 0 3
 255 5 228 176 228 176 228 176 228 124 228 124 228 124 0 3 0 3
 255 5 345 176 345 176 345 176 345 124 345 124 345 124 0 3 0 3
 255 5 71 215 71 215 53 215 53 407 212 407 212 407 0 1 0 7
 16744448 5 253 407 253 407 218 407 218 280 228 280 228 280 0 7 0 3
 16744448 5 228 293 228 293 228 293 345 293 345 293 345 293 0 3 0 3
 8454016 5 272 407 272 407 272 397 232 397 232 280 241 280 0 7 0 3
 8454016 5 241 306 241 306 241 306 358 306 358 306 358 306 0 3 0 3
 16744448 5 254 280 254 280 254 280 267 280 267 280 267 280 0 3 0 3
 8454143 5 291 407 291 407 291 407 280 407 280 280 280 280 0 7 0 3
 8454143 5 291 420 291 420 291 385 384 385 384 319 384 319 0 7 0 3
 16744448 5 267 319 267 319 267 319 397 319 397 319 397 319 0 3 0 3
 8454016 5 371 280 371 280 359 280 359 215 358 215 358 215 0 3 0 3
 8454143 5 410 280 410 280 373 280 373 215 371 215 371 215 0 3 0 3
 0 5 163 358 163 358 71 358 71 358 71 288 71 288 0 3 0 1
 0 5 306 358 306 358 306 358 306 319 306 319 306 319 0 3 0 3
 0 5 423 358 423 358 423 358 423 319 423 319 423 319 0 3 0 3
 0 5 212 465 212 465 176 465 176 465 176 358 176 358 0 7 0 3
 0 5 71 249 71 249 54 249 54 84 365 84 365 84 0 1 0 4
 8454143 5 384 215 384 215 440 215 440 215 440 91 440 91 0 3 0 4
 16744448 5 293 280 293 280 293 105 420 105 420 91 420 91 0 3 0 4
2
 7086 1 14 222 228 5 0 1984010416 0 3
 7000 1 14 339 228 5 0 1984010416 0 3
